"Status" "AAACATCG_S10_L005.bam" "AACAACCA_S7_L005.bam" "AACCGAGA_S6_L005.bam" "AACGCTTA_S5_L005.bam" "AACGTGAT_S9_L005.bam" "AAGGTACA_S23_L007.bam" "ACAAGCTA_S13_L006.bam" "ACACAGAA_S24_L007.bam" "ACAGCAGA_S25_L007.bam" "ACATTGGC_S18_L006.bam" "ACCACTGT_S16_L006.bam" "ACCTCCAA_S26_L007.bam" "ACGCTCGA_S27_L007.bam" "ACGTATCA_S20_L007.bam" "ACTATGCA_S21_L007.bam" "AGAGTCAA_S22_L007.bam" "AGATCGCA_S28_L008.bam" "AGCAGGAA_S29_L008.bam" "AGTACAAG_S15_L006.bam" "AGTCACTA_S30_L008.bam" "AGTGGTCA_S12_L005.bam" "ATCCTGTA_S31_L008.bam" "ATGCCTAA_S11_L005.bam" "ATTGAGGA_S32_L008.bam" "BCWPOKN1_PO17_S10_L006.bam" "BCWPOKN1_PO18_S11_L006.bam" "BCWPOKN1_PO19_S12_L006.bam" "BCWPOKN1_PO20_S13_L006.bam" "BCWPOKN1_PO5_S6_L006.bam" "BCWPOKN1_PO6_S7_L006.bam" "BCWPOKN1_PO7_S8_L006.bam" "BCWPOKN1_PO8_S9_L006.bam" "CAACCACA_S33_L008.bam" "CAGATCTG_S17_L006.bam" "CATCAAGT_S8_L005.bam" "CGCTGATC_S19_L006.bam" "CTGTAGCC_S14_L006.bam" "GACTAGTA_S34_L008.bam"
"1" "Assigned" 15919749 13811423 21308562 29103764 72018904 91844961 29566916 16511004 52080240 21822050 63094868 16057684 17099708 47989230 41842928 28813338 69047498 75784195 87543622 48489148 39083500 19704501 55336125 48406023 36065578 32634327 40021030 25140127 21970969 26855257 20674866 25739408 57549757 35053329 26907843 5543019 30511644 26835325
"2" "Unassigned_Ambiguity" 0 0 0 0 0 0 0 0 0 0 0 0 0 0 0 0 0 0 0 0 0 0 0 0 0 0 0 0 0 0 0 0 0 0 0 0 0 0
"3" "Unassigned_MultiMapping" 0 0 0 0 0 0 0 0 0 0 0 0 0 0 0 0 0 0 0 0 0 0 0 0 0 0 0 0 0 0 0 0 0 0 0 0 0 0
"4" "Unassigned_NoFeatures" 7764278 5701538 14133663 14094823 26565809 40908441 17565941 11120627 29772159 9783917 17370057 10320690 15815159 22051901 29053399 22171432 32762617 39768277 43261684 25943347 19198644 13112923 26510876 24924193 25429699 17959978 30341888 19297611 7964745 10867879 6825671 18517359 29105484 14150014 10391448 2523562 22668051 17975202
"5" "Unassigned_Unmapped" 1443135 833449 3344672 3585755 10560102 15242769 4185301 1892878 12685931 16423533 19011323 1600499 2346196 16119556 26325949 6259788 5332249 8080995 11257626 8513376 5622488 3193447 6879937 2244864 5029286 4775635 9605049 6062158 6439952 9166183 8536815 10527434 5515957 14897146 18715044 5652348 4340253 2841516
"6" "Unassigned_MappingQuality" 0 0 0 0 0 0 0 0 0 0 0 0 0 0 0 0 0 0 0 0 0 0 0 0 0 0 0 0 0 0 0 0 0 0 0 0 0 0
"7" "Unassigned_FragmentLength" 1278610 1674642 3613731 2933876 5432913 9689129 4185249 3268407 8400736 1646093 2873779 2702990 3594613 5508634 6205124 4865095 6891881 7404617 8225754 5984278 2476502 2730183 4000274 4380805 6544284 4824122 6184913 4665781 1339358 1923468 1330365 3569484 6610761 1961307 1552585 645696 4642708 3366242
"8" "Unassigned_Chimera" 431638 311129 715283 749748 1655302 2837103 786730 692496 1385724 733160 1457311 617358 704898 1020624 1520978 963901 1839810 3218881 2661002 1543623 1994624 967719 1303814 1679756 782767 640823 884893 418085 405595 549279 357598 870463 1563641 1241759 783668 114555 989260 834185
"9" "Unassigned_Secondary" 0 0 0 0 0 0 0 0 0 0 0 0 0 0 0 0 0 0 0 0 0 0 0 0 0 0 0 0 0 0 0 0 0 0 0 0 0 0
"10" "Unassigned_Nonjunction" 0 0 0 0 0 0 0 0 0 0 0 0 0 0 0 0 0 0 0 0 0 0 0 0 0 0 0 0 0 0 0 0 0 0 0 0 0 0
"11" "Unassigned_Duplicate" 0 0 0 0 0 0 0 0 0 0 0 0 0 0 0 0 0 0 0 0 0 0 0 0 0 0 0 0 0 0 0 0 0 0 0 0 0 0
